<?xml version="1.0"?>
<opencv_storage>
<cameraMatrix type_id="opencv-matrix">
  <rows>3</rows>
  <cols>3</cols>
  <dt>d</dt>
  <data> 497.115634523876 0 317.8150162972845 0 496.387775927352 228.8511844407271 0.0 0.0 1.0</data></cameraMatrix>
<distCoeffs type_id="opencv-matrix">
  <rows>1</rows>
  <cols>5</cols>
  <dt>d</dt>
  <data> -0.3955107052637336 0.249328584604023 -1.061194268114993e-05 8.402303203874251e-05 -0.1449911790562886</data></distCoeffs>
</opencv_storage>