<?xml version="1.0"?>
<opencv_storage>
<cameraMatrix type_id="opencv-matrix">
  <rows>3</rows>
  <cols>3</cols>
  <dt>d</dt>
  <data> 497.4599815530655 0 291.2630452299717 0 496.6903034195237 240.1726641865837 0.0 0.0 1.0</data></cameraMatrix>
<distCoeffs type_id="opencv-matrix">
  <rows>1</rows>
  <cols>5</cols>
  <dt>d</dt>
  <data> -0.4015608452498419 0.2665779860457014 0.0009208357038891935 0.0004103875546850521 -0.128431931030888</data></distCoeffs>
</opencv_storage>
